 +-------------------------------------------------+
 |                                                 |
 |      CCC   AA    SSS  TTTTT  EEEEE  PPPP        |
 |     C     A  A  S       T    E      P   P       |
 |     C     AAAA   SS     T    EEE    PPPP        |
 |     C     A  A     S    T    E      P           |
 |      CCC  A  A  SSS     T    EEEEE  P           |
 |                                                 |
 +-------------------------------------------------+
 |                                                 |
 | Welcome to Academic Release CASTEP version 24.1 |
 | Ab Initio Total Energy Program                  |
 |                                                 |
 | Authors:                                        |
 | M. Segall, M. Probert, C. Pickard, P. Hasnip,   |
 | S. Clark, K. Refson, J. R. Yates,               |
 | A. Bartok-Partay, M. Payne                      |
 |                                                 |
 | Contributors:                                   |
 | P. Lindan, P. Haynes, J. White, V. Milman,      |
 | N. Govind, M. Gibson, P. Tulip, V. Cocula,      |
 | B. Montanari, D. Quigley, M. Glover,            |
 | L. Bernasconi, A. Perlov, M. Plummer,           |
 | E. McNellis, J. Meyer, J. Gale, D. Jochym       |
 | J. Aarons, B. Walker, R. Gillen, D. Jones       |
 | T. Green, I. J. Bush, C. J. Armstrong,          |
 | E. J. Higgins, E. L. Brown, M. S. McFly,        |
 | J. Wilkins, B-C. Shih, P. J. P. Byrne,          |
 | R. J. Maurer, J. C. Womack, J. Dziedzic,        |
 | L. LeBlanc, T. K. Stenczel, J. Kermode,         |
 | S. Sturniolo, B. Shi, B. Durham, M. Evans,      |
 | M. J. Smith, A. Tamerus, Z. Hawkhead,           |
 | V. Ravindran, T. Hollins, S. A. Joyce,          |
 | R. T. Strong, A. M. Reilly                      |
 |                                                 |
 | Copyright (c) 2000 - 2023                       |
 |                                                 |
 |     Distributed under license from Cambridge    |
 |     Enterprise for academic use only.           |
 |                                                 |
 | Please cite                                     |
 |                                                 |
 |     "First principles methods using CASTEP"     |
 |                                                 |
 |         Zeitschrift fuer Kristallographie       |
 |           220(5-6) pp. 567-570 (2005)           |
 |                                                 |
 | S. J. Clark, M. D. Segall, C. J. Pickard,       |
 | P. J. Hasnip, M. J. Probert, K. Refson,         |
 | M. C. Payne                                     |
 |                                                 |
 |       in all publications arising from          |
 |              your use of CASTEP                 |
 |                                                 |
 +-------------------------------------------------+
 |                                                 |
 |              http://www.castep.org              |
 |                                                 |
 +-------------------------------------------------+



 Compiled for linux_x86_64_gfortran10 on Tue, 02 May 2023 15:31:46 +0100
 from code version db08e394c+  default  Mon May 1 16:40:39 2023 +0100
 Compiler: GNU Fortran 10.2.0; Optimisation: fast
 Comms   : Open MPI v4.0.5
 MATHLIBS: openblas (LAPACK version 3.9.0)
 FFT Lib : fftw3 version fftw-3.3.8-sse2-avx-avx2-avx2_128
 Fundamental constants values: CODATA 2018

 Run started: Tue, 14 May 2024 20:14:01 +0100
 +-------------------------------------------------+
 |                                                 |
 |  D D D D    F F F F F  P P P P     T T T T T    |
 |  D       D  F          P       P       T        |
 |  D       D  F F F F    P P P P         T        |
 |  D       D  F          P               T        |
 |  D D D D    F          P               T        |
 |                                                 |
 +-------------------------------------------------+
 |                                                 |
 | Welcome to Castep Linear Response (DFPT)        |
 |                                                 |
 | Copyright (c) 2006 - 2023                       |
 |                                                 |
 | Please cite the following publications in all   |
 | work arising from your use of CASTEP LR.        |
 |                                                 |
 | K. Refson, S. J. Clark and P. R. Tulip          |
 | Variational density functional perturbation     |
 | theory for dielectrics and lattice dynamics     |
 | Phys. Rev. B 73(15), 155114 (2006)              |
 +-------------------------------------------------+

Reading continuation data from model file ti64_bcc_phonon_AlAl.check

 Atomic calculation performed for Al: 1s2 2s2 2p6 3s2 3p1

 Converged in 54 iterations to an ae energy of -6603.783 eV

   ============================================================                
   | Pseudopotential Report - Date of generation 14-05-2024   |                
   ------------------------------------------------------------                
   | Element: Al Ionic charge:  3.00 Level of theory: PBE     |                
   | Atomic Solver: Koelling-Harmon                           |                
   |                                                          |                
   |               Reference Electronic Structure             |                
   |         Orbital         Occupation         Energy        |                
   |            3s              2.000           -0.285        |                
   |            3p              1.000           -0.100        |                
   |                                                          |                
   |                 Pseudopotential Definition               |                
   |        Beta     l      e      Rc     scheme   norm       |                
   |          1      0   -0.285   2.192     qc      0         |                
   |          2      0    0.250   2.192     qc      0         |                
   |          3      1   -0.100   2.192     qc      0         |                
   |          4      1    0.250   2.192     qc      0         |                
   |          5      2    0.000   2.000     qc      0         |                
   |          6      2    0.250   2.000     qc      0         |                
   |         loc     3    0.000   2.192     pn      0         |                
   |                                                          |                
   | Augmentation charge Rinner = 1.398                       |                
   | Partial core correction Rc = 1.398                       |                
   ------------------------------------------------------------                
   | "3|2.2|2.2|1.4|4|5|5|30:31:32U2U2"                       |                
   ------------------------------------------------------------                
   |      Author: Chris J. Pickard, Cambridge University      |                
   ============================================================                

 Atomic calculation performed for Ti: 1s2 2s2 2p6 3s2 3p6 3d2 4s2

 Converged in 79 iterations to an ae energy of -23226.658 eV

   ============================================================                
   | Pseudopotential Report - Date of generation 14-05-2024   |                
   ------------------------------------------------------------                
   | Element: Ti Ionic charge: 12.00 Level of theory: PBE     |                
   | Atomic Solver: Koelling-Harmon                           |                
   |                                                          |                
   |               Reference Electronic Structure             |                
   |         Orbital         Occupation         Energy        |                
   |            3s              2.000           -2.302        |                
   |            3p              6.000           -1.428        |                
   |            4s              2.000           -0.164        |                
   |            3d              2.000           -0.157        |                
   |                                                          |                
   |                 Pseudopotential Definition               |                
   |        Beta     l      e      Rc     scheme   norm       |                
   |          1      0   -2.302   1.793     qc      0         |                
   |          2      0   -0.164   1.793     qc      0         |                
   |          3      0    0.250   1.793     qc      0         |                
   |          4      1   -1.428   1.793     qc      0         |                
   |          5      1    0.250   1.793     qc      0         |                
   |          6      2   -0.157   1.793     qc      0         |                
   |          7      2    0.250   1.793     qc      0         |                
   |         loc     3    0.000   1.793     pn      0         |                
   |                                                          |                
   | Augmentation charge Rinner = 1.263                       |                
   | Partial core correction Rc = 1.263                       |                
   ------------------------------------------------------------                
   | "3|1.8|9|10|11|30U:40:31:32(qc=5.5)"                     |                
   ------------------------------------------------------------                
   |      Author: Chris J. Pickard, Cambridge University      |                
   ============================================================                

 Pseudo atomic calculation performed for Al 3s2 3p1

 Converged in 22 iterations to a total energy of -107.1308 eV

 Pseudo atomic calculation performed for Ti 3s2 3p6 3d2 4s2

 Converged in 51 iterations to a total energy of -1587.0236 eV
Initialising basis set for model.
Reinitialising basis set for current geometry.
Continuing from previous run with ground state wavefunction.
Continuing from previous run with ground state density.
 WARNING: phonon fine_frequency data in check file HAS BEEN DISCARDED.
          because PHONON_FINE_KPOINT_LIST changed on continuation.
 WARNING: phonon thermal ADP data in check file HAS BEEN DISCARDED.
 Calculation parallelised over 48 processes.
 Data is distributed by k-point(48-way)

 ************************************ Title ************************************
 

 ***************************** General Parameters ******************************
  
 output verbosity                               : normal  (1)
 continuing from                                : ti64_bcc_phonon_AlAl.check
 write checkpoint data to                       : ti64_bcc_phonon_AlAl.check
 type of calculation                            : phonon calculation
 stress calculation                             : on
 density difference calculation                 : off
 electron localisation func (ELF) calculation   : off
 Hirshfeld analysis                             : off
 polarisation (Berry phase) analysis            : off
 molecular orbital projected DOS                : off
 deltaSCF calculation                           : off
 unlimited duration calculation
 timing information                             : on
 memory usage estimate                          : on
 write extra output files                       : on
 write final potential to formatted file        : off
 write final density to formatted file          : off
 write structure in CELL formatted file         : on
 write BibTeX reference list                    : on
 write OTFG pseudopotential files               : on
 write electrostatic potential file             : on
 write bands file                               : on
 checkpoint writing                             : both castep_bin and check files
  
 output         length unit                     : A
 output           mass unit                     : amu
 output           time unit                     : ps
 output         charge unit                     : e
 output           spin unit                     : hbar/2
 output         energy unit                     : eV
 output          force unit                     : eV/A
 output       velocity unit                     : A/ps
 output       pressure unit                     : GPa
 output     inv_length unit                     : 1/A
 output      frequency unit                     : THz
 output force constant unit                     : eV/A**2
 output         volume unit                     : A**3
 output   IR intensity unit                     : (D/A)**2/amu
 output         dipole unit                     : D
 output         efield unit                     : eV/A/e
 output        entropy unit                     : J/mol/K
 output    efield chi2 unit                     : pm/V
  
 wavefunctions paging                           : none
 random number generator seed                   :  164025592
 data distribution                              : k-point only
 optimization strategy                          : maximize speed(+++)

 *********************** Exchange-Correlation Parameters ***********************
  
 using functional                               : Perdew Burke Ernzerhof
 relativistic treatment                         : Koelling-Harmon
 DFT+D: Semi-empirical dispersion correction    : off

 ************************* Pseudopotential Parameters **************************
  
 pseudopotential representation                 : reciprocal space
 <beta|phi> representation                      : reciprocal space
 spin-orbit coupling                            : off

 **************************** Basis Set Parameters *****************************
  
 plane wave basis set cut-off                   :   800.0000   eV
 size of standard grid                          :     2.0000
 size of   fine   grid                          :     4.0000
 size of   fine   gmax                          :    57.9620   1/A
 largest prime factor in FFT                    :          5
 finite basis set correction                    : automatic
 number of sample energies                      :          3
           sample  spacing                      :     5.0000   eV

 **************************** Electronic Parameters ****************************
  
 number of  electrons                           :  78.00    
 net charge of system                           :  0.000    
 treating system as non-spin-polarized
 number of bands                                :         74

 ********************* Electronic Minimization Parameters **********************
  
 Method: Treating system as metallic with density mixing treatment of electrons,
         and number of  SD  steps               :          1
         and number of  CG  steps               :          4
  
 total energy / atom convergence tol.           : 0.1000E-08   eV
 eigen-energy convergence tolerance             : 0.1081E-09   eV
 max force / atom convergence tol.              : ignored
 convergence tolerance window                   :          3   cycles
 max. number of SCF cycles                      :         30
 number of fixed-spin iterations                :         10
 smearing scheme                                : Gaussian
 smearing width                                 : 0.5000E-01   eV
 Fermi energy convergence tolerance             : 0.2721E-13   eV
 periodic dipole correction                     : NONE

 ************************** Density Mixing Parameters **************************
  
 density-mixing scheme                          : Pulay
 max. length of mixing history                  :         20
 charge density mixing amplitude                : 0.8000    
 cut-off energy for mixing                      :  800.0       eV
 charge density mixing g-vector                 :  1.500       1/A

 *********************** Population Analysis Parameters ************************
  
 Population analysis with cutoff                :  3.000       A
 Population analysis output                     : summary and pdos components

 ****************************** Phonon Parameters ******************************
  
 phonon calculation method                      : finite displacement
 finite displacement amplitude                  : 0.1000E-01   A
 fine phonon calculation method                 : interpolation
 non-periodic force constant method             : Weighted cumulant sum
 force constant cutoff scale factor             :     1.0000
 LO/TO splitting term                           : not included
 acoustic phonon sum rule                       : correct D(q) in recip-space
 Born effective charges                         : not calculated
 Raman intensities                              : not calculated
 phonon extra output                            : real-space force constants
 phonon k-points                                : use reduced set
 phonon DOS                                     : not calculated
 no timed backups
 band convergence tolerance                     : 0.1000E-08   eV

 ******************************* Developer Code ********************************
  
 PARALLEL: kpoints=48 : ENDPARALLEL
 no_improve_wvfn

 *******************************************************************************
  

                           -------------------------------
                                      Unit Cell
                           -------------------------------
        Real Lattice(A)                      Reciprocal Lattice(1/A)
    -3.2276813     3.2276813     3.2276813       -0.000000000   0.973328014   0.973328014
     3.2276813    -3.2276813     3.2276813        0.973328014  -0.000000000   0.973328014
     3.2276813     3.2276813    -3.2276813        0.973328014   0.973328014  -0.000000000

                       Lattice parameters(A)       Cell Angles
                    a =      5.590508          alpha =  109.471221
                    b =      5.590508          beta  =  109.471221
                    c =      5.590508          gamma =  109.471221

                       Current cell volume =           134.502990       A**3
                                   density =             2.536487   AMU/A**3
                                           =             4.211936     g/cm^3

                           -------------------------------
                                     Cell Contents
                           -------------------------------
                         Total number of ions in cell =    8
                      Total number of species in cell =    2
                        Max number of any one species =    6

            xxxxxxxxxxxxxxxxxxxxxxxxxxxxxxxxxxxxxxxxxxxxxxxxxxxxxxxxxxxx
            x  Element    Atom        Fractional coordinates of atoms  x
            x            Number           u          v          w      x
            x----------------------------------------------------------x
            x  Al           1         0.000000   0.000000   0.000000   x 
            x  Al           2         0.000000   0.000000   0.500000   x 
            x  Ti           1         0.000000   0.500000   0.000000   x 
            x  Ti           2         0.000000   0.500000   0.500000   x 
            x  Ti           3         0.500000   0.000000   0.000000   x 
            x  Ti           4         0.500000   0.000000   0.500000   x 
            x  Ti           5         0.500000   0.500000   0.000000   x 
            x  Ti           6         0.500000   0.500000   0.500000   x 
            xxxxxxxxxxxxxxxxxxxxxxxxxxxxxxxxxxxxxxxxxxxxxxxxxxxxxxxxxxxx


                         No user defined ionic velocities

                           -------------------------------
                                   Details of Species
                           -------------------------------

                               Mass of species in AMU
                                    Al   26.9815400
                                    Ti   47.8670000

                          Electric Quadrupole Moment (Barn)
                                    Al    0.1466000 Isotope 27
                                    Ti    0.3020000 Isotope 47

                          Files used for pseudopotentials:
                                    Al 3|2.2|2.2|1.4|4|5|5|30:31:32U2U2
                                    Ti 3|1.8|9|10|11|30U:40:31:32(qc=5.5)

                           -------------------------------
                              k-Points For BZ Sampling
                           -------------------------------
                       MP grid size for SCF calculation is 11 11 11
                            with an offset of   0.000  0.000  0.000
                       Number of kpoints used =           146

                           -------------------------------
                               Symmetry and Constraints
                           -------------------------------

                      Cell is a supercell containing 2 primitive cells
                      Maximum deviation from symmetry =  0.00000         ANG

                      Number of symmetry operations   =          24
                      Number of ionic constraints     =           3
                      Point group of crystal =    20: D3d, -3m, -3 2/m
                      Space group of crystal =   166: R-3m, -R 3 2"

             Set iprint > 1 for details on symmetry rotations/translations

                         Centre of mass is constrained
             Set iprint > 1 for details of linear ionic constraints

                         Number of cell constraints= 2
                         Cell constraints are:  1 1 3 4 4 6

                         External pressure/stress (GPa)
                          0.00000   0.00000   0.00000
                                    0.00000   0.00000
                                              0.00000
 Restarting Phonon calculation:  Dynamical matrices from supercells 1 to       4 recovered from .check file.
 %%%%%%%%%%%%%%%%%%%%%%%%%%%%%%%%%%%%%%%%%%%%%%%%%%%%%%%%%%%%%%%%%%%%%%%%%%%%%%%%%%%%%%%%%%%%%%%%%%%%%%%%%%%%%%%%%%%
            Force Constant matrix
 Ion XYZ  L          part  (eV/A**2)
 Supercell   1 at (0,0,0)        0.000 A                             
   1   1          6.510298         -0.485520          0.485520         -0.594771         -0.478736          0.478736
                 -0.668627          0.687396         -0.687396          0.197094          0.030429         -0.030429
                 -0.879253          0.911581          0.828226         -0.057571         -0.008321         -0.003850
                 -0.057571          0.003850          0.008321         -0.879253         -0.828226         -0.911581
   1   2         -0.485520          6.510298          0.485520         -0.478736         -0.594771          0.478736
                  0.911581         -0.879253          0.828226         -0.008321         -0.057571         -0.003850
                  0.687396         -0.668627         -0.687396          0.030429          0.197094         -0.030429
                  0.003850         -0.057571          0.008321         -0.828226         -0.879253         -0.911581
   1   3          0.485520          0.485520          6.510298          0.478736          0.478736         -0.594771
                 -0.911581          0.828226         -0.879253          0.008321         -0.003850         -0.057571
                  0.828226         -0.911581         -0.879253         -0.003850          0.008321         -0.057571
                 -0.030429         -0.030429          0.197094         -0.687396         -0.687396         -0.668627
   2   1         -0.594771         -0.478736          0.478736          6.510298         -0.485520          0.485520
                  0.015097          0.025615         -0.025615         -0.668627          0.687396         -0.687396
                 -0.085798          0.000394          0.065283         -0.879253          0.911581          0.828226
                 -0.000955          0.022217          0.016464         -0.057571          0.003850          0.008321
   2   2         -0.478736         -0.594771          0.478736         -0.485520          6.510298          0.485520
                  0.000394         -0.085798          0.065283          0.911581         -0.879253          0.828226
                  0.025615          0.015097         -0.025615          0.687396         -0.668627         -0.687396
                  0.022217         -0.000955          0.016464          0.003850         -0.057571          0.008321
   2   3          0.478736          0.478736         -0.594771          0.485520          0.485520          6.510298
                 -0.000394          0.065283         -0.085798         -0.911581          0.828226         -0.879253
                  0.065283         -0.000394         -0.085798          0.828226         -0.911581         -0.879253
                  0.065042          0.065042          0.005456         -0.030429         -0.030429          0.197094
   3   1         -0.668627          0.911581         -0.911581          0.015097          0.000394         -0.000394
                  4.986569         -0.172610          0.172610         -0.690095         -0.430638          0.430638
                 -0.050447          0.025304         -0.148291         -0.044195          0.005318         -0.003808
                 -0.665863          0.501819          0.759863         -0.111968         -0.297282         -0.042077
   3   2          0.687396         -0.879253          0.828226          0.025615         -0.085798          0.065283
                 -0.172610          4.416309         -0.622506         -0.430638         -0.424369          0.488610
                  0.131536         -0.050447         -0.009199          0.088684         -0.058726          0.048940
                  0.640725         -0.364273         -0.501819          0.093837          0.874241          0.297282
   3   3         -0.687396          0.828226         -0.879253         -0.025615          0.065283         -0.085798
                  0.172610         -0.622506          4.416309          0.430638          0.488610         -0.424369
                 -0.009199         -0.148291         -0.073515         -0.039100          0.096289         -0.060358
                  0.825148         -0.640725         -0.665863          0.128707         -0.093837         -0.111968
   4   1          0.197094         -0.008321          0.008321         -0.668627          0.911581         -0.911581
                 -0.690095         -0.430638          0.430638          4.986569         -0.172610          0.172610
                 -0.058726          0.005318          0.096289         -0.050447          0.025304         -0.148291
                 -0.154146          0.044868          0.176078         -0.665863          0.501819          0.759863
   4   2          0.030429         -0.057571         -0.003850          0.687396         -0.879253          0.828226
                 -0.430638         -0.424369          0.488610         -0.172610          4.416309         -0.622506
                  0.088684         -0.044195         -0.039100          0.131536         -0.050447         -0.009199
                  0.015789          0.301292         -0.044868          0.640725         -0.364273         -0.501819
   4   3         -0.030429         -0.003850         -0.057571         -0.687396          0.828226         -0.879253
                  0.430638          0.488610         -0.424369          0.172610         -0.622506          4.416309
                  0.048940         -0.003808         -0.060358         -0.009199         -0.148291         -0.073515
                  0.213844         -0.015789         -0.154146          0.825148         -0.640725         -0.665863
   5   1         -0.879253          0.687396          0.828226         -0.085798          0.025615          0.065283
                 -0.050447          0.131536         -0.009199         -0.058726          0.088684          0.048940
                  4.416309         -0.172610         -0.622506         -0.424369         -0.430638          0.488610
                 -0.364273          0.640725         -0.501819          0.874241          0.093837          0.297282
   5   2          0.911581         -0.668627         -0.911581          0.000394          0.015097         -0.000394
                  0.025304         -0.050447         -0.148291          0.005318         -0.044195         -0.003808
                 -0.172610          4.986569          0.172610         -0.430638         -0.690095          0.430638
                  0.501819         -0.665863          0.759863         -0.297282         -0.111968         -0.042077
   5   3          0.828226         -0.687396         -0.879253          0.065283         -0.025615         -0.085798
                 -0.148291         -0.009199         -0.073515          0.096289         -0.039100         -0.060358
                 -0.622506          0.172610          4.416309          0.488610          0.430638         -0.424369
                 -0.640725          0.825148         -0.665863         -0.093837          0.128707         -0.111968
   6   1         -0.057571          0.030429         -0.003850         -0.879253          0.687396          0.828226
                 -0.044195          0.088684         -0.039100         -0.050447          0.131536         -0.009199
                 -0.424369         -0.430638          0.488610          4.416309         -0.172610         -0.622506
                  0.301292          0.015789         -0.044868         -0.364273          0.640725         -0.501819
   6   2         -0.008321          0.197094          0.008321          0.911581         -0.668627         -0.911581
                  0.005318         -0.058726          0.096289          0.025304         -0.050447         -0.148291
                 -0.430638         -0.690095          0.430638         -0.172610          4.986569          0.172610
                  0.044868         -0.154146          0.176078          0.501819         -0.665863          0.759863
   6   3         -0.003850         -0.030429         -0.057571          0.828226         -0.687396         -0.879253
                 -0.003808          0.048940         -0.060358         -0.148291         -0.009199         -0.073515
                  0.488610          0.430638         -0.424369         -0.622506          0.172610          4.416309
                 -0.015789          0.213844         -0.154146         -0.640725          0.825148         -0.665863
   7   1         -0.057571          0.003850         -0.030429         -0.000955          0.022217          0.065042
                 -0.665863          0.640725          0.825148         -0.154146          0.015789          0.213844
                 -0.364273          0.501819         -0.640725          0.301292          0.044868         -0.015789
                  4.416309          0.622506          0.172610         -0.424369         -0.488610          0.430638
   7   2          0.003850         -0.057571         -0.030429          0.022217         -0.000955          0.065042
                  0.501819         -0.364273         -0.640725          0.044868          0.301292         -0.015789
                  0.640725         -0.665863          0.825148          0.015789         -0.154146          0.213844
                  0.622506          4.416309          0.172610         -0.488610         -0.424369          0.430638
   7   3          0.008321          0.008321          0.197094          0.016464          0.016464          0.005456
                  0.759863         -0.501819         -0.665863          0.176078         -0.044868         -0.154146
                 -0.501819          0.759863         -0.665863         -0.044868          0.176078         -0.154146
                  0.172610          0.172610          4.986569          0.430638          0.430638         -0.690095
   8   1         -0.879253         -0.828226         -0.687396         -0.057571          0.003850         -0.030429
                 -0.111968          0.093837          0.128707         -0.665863          0.640725          0.825148
                  0.874241         -0.297282         -0.093837         -0.364273          0.501819         -0.640725
                 -0.424369         -0.488610          0.430638          4.416309          0.622506          0.172610
   8   2         -0.828226         -0.879253         -0.687396          0.003850         -0.057571         -0.030429
                 -0.297282          0.874241         -0.093837          0.501819         -0.364273         -0.640725
                  0.093837         -0.111968          0.128707          0.640725         -0.665863          0.825148
                 -0.488610         -0.424369          0.430638          0.622506          4.416309          0.172610
   8   3         -0.911581         -0.911581         -0.668627          0.008321          0.008321          0.197094
                 -0.042077          0.297282         -0.111968          0.759863         -0.501819         -0.665863
                  0.297282         -0.042077         -0.111968         -0.501819          0.759863         -0.665863
                  0.430638          0.430638         -0.690095          0.172610          0.172610          4.986569

 Supercell   2 at (1,0,0)        5.591 A                             
   1   1         -0.003653          0.030427          0.018518          0.016678         -0.012913         -0.008098
                 -0.009081         -0.029967          0.016308          0.082113         -0.003680          0.003680
                 -0.879253          0.911581          0.828226         -0.085798          0.000394          0.065283
                 -0.099094          0.119559          0.013658         -0.048583         -0.004263          0.004223
   1   2          0.030427         -0.031022         -0.030427         -0.012913          0.008449          0.012913
                  0.002260          0.032684         -0.024743         -0.013658         -0.099094         -0.119559
                  0.687396         -0.668627         -0.687396          0.025615          0.015097         -0.025615
                  0.119559         -0.099094          0.013658          0.024743          0.032684         -0.002260
   1   3          0.018518         -0.030427         -0.003653         -0.008098          0.012913          0.016678
                  0.004223          0.004263         -0.048583          0.013658         -0.119559         -0.099094
                  0.828226         -0.911581         -0.879253          0.065283         -0.000394         -0.085798
                  0.003680          0.003680          0.082113          0.016308          0.029967         -0.009081
   2   1          0.016678         -0.012913         -0.008098         -0.003653          0.030427          0.018518
                 -0.001016         -0.003032          0.003032         -0.009081         -0.029967          0.016308
                 -0.057571         -0.008321         -0.003850         -0.879253          0.911581          0.828226
                  0.032684          0.024743         -0.002260         -0.099094          0.119559          0.013658
   2   2         -0.012913          0.008449          0.012913          0.030427         -0.031022         -0.030427
                 -0.023409         -0.019125          0.000774          0.002260          0.032684         -0.024743
                  0.030429          0.197094         -0.030429          0.687396         -0.668627         -0.687396
                 -0.004263         -0.048583          0.004223          0.119559         -0.099094          0.013658
   2   3         -0.008098          0.012913          0.016678          0.018518         -0.030427         -0.003653
                  0.023409          0.000774         -0.019125          0.004223          0.004263         -0.048583
                 -0.003850          0.008321         -0.057571          0.828226         -0.911581         -0.879253
                  0.029967          0.016308         -0.009081          0.003680          0.003680          0.082113
   3   1         -0.009081          0.002260          0.004223         -0.001016         -0.023409          0.023409
                  0.287252         -0.245296         -0.092779          0.084167          0.041585         -0.069650
                 -0.111968          0.042077          0.297282          0.083312          0.168768          0.003902
                 -0.665863          0.501819          0.759863         -0.154146          0.044868          0.176078
   3   2         -0.029967          0.032684          0.004263         -0.003032         -0.019125          0.000774
                 -0.245296         -0.045946          0.123255          0.041585         -0.162721         -0.021928
                 -0.128707         -0.111968         -0.093837          0.151382          0.083312          0.070779
                  0.640725         -0.364273         -0.501819          0.015789          0.301292         -0.044868
   3   3          0.016308         -0.024743         -0.048583          0.003032          0.000774         -0.019125
                 -0.092779          0.123255          0.131255         -0.069650         -0.021928          0.118422
                 -0.093837          0.297282          0.874241          0.070779          0.003902         -0.067836
                  0.825148         -0.640725         -0.665863          0.213844         -0.015789         -0.154146
   4   1          0.082113         -0.013658          0.013658         -0.009081          0.002260          0.004223
                  0.084167          0.041585         -0.069650          0.287252         -0.245296         -0.092779
                 -0.665863         -0.759863         -0.501819         -0.111968          0.042077          0.297282
                 -0.111968         -0.297282         -0.042077         -0.665863          0.501819          0.759863
   4   2         -0.003680         -0.099094         -0.119559         -0.029967          0.032684          0.004263
                  0.041585         -0.162721         -0.021928         -0.245296         -0.045946          0.123255
                 -0.825148         -0.665863         -0.640725         -0.128707         -0.111968         -0.093837
                  0.093837          0.874241          0.297282          0.640725         -0.364273         -0.501819
   4   3          0.003680         -0.119559         -0.099094          0.016308         -0.024743         -0.048583
                 -0.069650         -0.021928          0.118422         -0.092779          0.123255          0.131255
                 -0.640725         -0.501819         -0.364273         -0.093837          0.297282          0.874241
                  0.128707         -0.093837         -0.111968          0.825148         -0.640725         -0.665863
   5   1         -0.879253          0.687396          0.828226         -0.057571          0.030429         -0.003850
                 -0.111968         -0.128707         -0.093837         -0.665863         -0.825148         -0.640725
                  0.187961         -0.159600         -0.185460          0.014125          0.033269          0.060025
                 -0.060358          0.039100          0.096289         -0.073515          0.009199         -0.148291
   5   2          0.911581         -0.668627         -0.911581         -0.008321          0.197094          0.008321
                  0.042077         -0.111968          0.297282         -0.759863         -0.665863         -0.501819
